5   0   0
4.74    0.07   0
4.48    0.13   0
4.02    0.22   0
3.46    0.31   0
2.99    0.38   0
2.5     0.42   0
2.01    0.44   0
1.54    0.44   0
1.25    0.42   0
0.98    0.39   0
0.73    0.35   0
0.52    0.3    0
0.34    0.25   0
0.19    0.19   0
0.13    0.16   0
0.05    0.1    0
0   0   0
0.05    -0.04  0
0.13    -0.06  0
0.52    -0.08  0
0.73    -0.08  0
0.98    -0.08  0
1.25    -0.07  0
1.54    -0.06  0
2.01    -0.02  0
2.5     0.01   0
2.99    0.05   0
3.46    0.09   0
4.02    0.1    0
4.48    0.08   0
4.74    0.06   0
5   0   0
