5.00108 0.00406 0.0 
4.99892 -0.00406 0.0 
4.99387 -0.00319 0.0 
4.97874 -0.0006000000000000001 0.0 
4.953605 0.003675 0.0 
4.918575 0.009565 0.0 
4.873805 0.01697 0.0 
4.819505 0.025785000000000002 0.0 
4.75591 0.035855 0.0 
4.68331 0.047029999999999995 0.0 
4.602015 0.05912 0.0 
4.512395 0.071935 0.0 
4.41483 0.08526 0.0 
4.3097449999999995 0.09888 0.0 
4.19759 0.11257 0.0 
4.0788400000000005 0.126105 0.0 
3.9539999999999997 0.13927 0.0 
3.8235799999999998 0.15184 0.0 
3.688135 0.163625 0.0 
3.548205 0.174435 0.0 
3.404375 0.184105 0.0 
3.2572099999999997 0.1925 0.0 
3.10731 0.19951 0.0 
2.95526 0.205055 0.0 
2.8016550000000002 0.209085 0.0 
2.6470949999999998 0.21159 0.0 
2.492165 0.212595 0.0 
2.337455 0.212155 0.0 
2.183545 0.21036 0.0 
2.031005 0.207325 0.0 
1.88305 0.20243 0.0 
1.738265 0.194285 0.0 
1.59643 0.18317 0.0 
1.45798 0.16947 0.0 
1.32334 0.153595 0.0 
1.192925 0.13599999999999998 0.0 
1.067155 0.11715 0.0 
0.9464400000000001 0.097535 0.0 
0.83118 0.07765 0.0 
0.7217800000000001 0.05799 0.0 
0.61865 0.039060000000000004 0.0 
0.52217 0.021345000000000003 0.0 
0.43274 0.00532 0.0 
0.350725 -0.00857 0.0 
0.27649 -0.0199 0.0 
0.210375 -0.02828 0.0 
0.1527 -0.033354999999999996 0.0 
0.10375499999999999 -0.034815 0.0 
0.063805 -0.032395 0.0 
0.033075 -0.025885000000000002 0.0 
0.011754999999999998 -0.015120000000000001 0.0 
0.0 0.0 0.0 
-0.001885 0.019065 0.0 
0.0063549999999999995 0.041580000000000006 0.0 
0.024759999999999997 0.06743 0.0 
0.053325 0.096415 0.0 
0.092015 0.12825 0.0 
0.14074 0.16256500000000002 0.0 
0.199375 0.19892500000000002 0.0 
0.26774 0.236835 0.0 
0.34562000000000004 0.275735 0.0 
0.432745 0.315025 0.0 
0.5287850000000001 0.35408 0.0 
0.633375 0.39225000000000004 0.0 
0.7460849999999999 0.42887000000000003 0.0 
0.86644 0.46329000000000004 0.0 
0.9939199999999999 0.49487499999999995 0.0 
1.1279400000000002 0.5230250000000001 0.0 
1.267895 0.54717 0.0 
1.413125 0.56681 0.0 
1.562945 0.5815 0.0 
1.71665 0.5908599999999999 0.0 
1.8735 0.594605 0.0 
2.032085 0.592585 0.0 
2.18979 0.586545 0.0 
2.34859 0.577385 0.0 
2.507835 0.56518 0.0 
2.66686 0.550045 0.0 
2.82501 0.532115 0.0 
2.981645 0.51158 0.0 
3.13614 0.488645 0.0 
3.287875 0.463555 0.0 
3.4362500000000002 0.43658 0.0 
3.58069 0.40801 0.0 
3.7206349999999997 0.37816000000000005 0.0 
3.85555 0.347355 0.0 
3.98493 0.31594999999999995 0.0 
4.108280000000001 0.284295 0.0 
4.225145 0.25275 0.0 
4.3351 0.22168500000000002 0.0 
4.437735 0.191465 0.0 
4.53269 0.16244999999999998 0.0 
4.619619999999999 0.13498 0.0 
4.698225 0.10939499999999999 0.0 
4.768225 0.08600999999999999 0.0 
4.82938 0.06511 0.0 
4.881475 0.046955 0.0 
4.92434 0.031779999999999996 0.0 
4.9578299999999995 0.01977 0.0 
4.981835 0.01108 0.0 
4.996264999999999 0.0058200000000000005 0.0 
