0.127 -0.0 0.0 
0.127 0.0 0.0 
0.126875032 -2.0066e-05 0.0 
0.126500255 -8.001e-05 0.0 
0.125877193 -0.000178054 0.0 
0.125007751 -0.00031191199999999996 0.0 
0.123894723 -0.000478028 0.0 
0.122542046 -0.000672338 0.0 
0.120954165 -0.0008900160000000001 0.0 
0.11913679499999999 -0.001125855 0.0 
0.11709628600000001 -0.001374013 0.0 
0.114840004 -0.001628775 0.0 
0.112376585 -0.0018842989999999999 0.0 
0.10971504600000001 -0.002134743 0.0 
0.106865928 -0.002374773 0.0 
0.103840026 -0.0025993089999999997 0.0 
0.10064978599999999 -0.002803779 0.0 
0.097307908 -0.002984373 0.0 
0.093827981 -0.003137662 0.0 
0.09022461 -0.003260979 0.0 
0.08651252699999999 -0.0033522919999999998 0.0 
0.082707607 -0.003410204 0.0 
0.078825598 -0.003433826 0.0 
0.074883264 -0.003422904 0.0 
0.070896861 -0.003377438 0.0 
0.06688353400000001 -0.003297682 0.0 
0.062860174 -0.003184525 0.0 
0.058843418 -0.003038602 0.0 
0.054850157000000004 -0.002860802 0.0 
0.050916332 -0.00265811 0.0 
0.047070772000000004 -0.002447036 0.0 
0.04332859 -0.0022432010000000002 0.0 
0.039702866999999996 -0.002059178 0.0 
0.036204017000000005 -0.0019043649999999999 0.0 
0.032840167999999996 -0.001785239 0.0 
0.029617416 -0.0017049749999999999 0.0 
0.026539570999999998 -0.001663573 0.0 
0.023609046 -0.00165862 0.0 
0.020827111 -0.001685163 0.0 
0.018194909000000002 -0.0017363440000000001 0.0 
0.015713836999999998 -0.001803273 0.0 
0.013386308 -0.0018756629999999999 0.0 
0.011216132 -0.00194183 0.0 
0.009208389 -0.0019885659999999998 0.0 
0.00736981 -0.0020021550000000003 0.0 
0.005708523 -0.001967992 0.0 
0.004233672 -0.0018714720000000001 0.0 
0.002954909 -0.001698371 0.0 
0.0018825209999999998 -0.001435227 0.0 
0.0010261600000000001 -0.0010704830000000001 0.0 
0.00039560500000000005 -0.000594487 0.0 
0.0 0.0 0.0 
-0.000145034 0.000699389 0.0 
-2.4638e-05 0.001486662 0.0 
0.00036703 0.00235712 0.0 
0.001034923 0.003302127 0.0 
0.001982089 0.004307967 0.0 
0.0032097980000000003 0.005357622 0.0 
0.004717161 0.006430391 0.0 
0.006500749 0.007502779 0.0 
0.008554212 0.008550021 0.0 
0.010868533 0.009546463 0.0 
0.013431012 0.010467086 0.0 
0.016226155 0.011288649 0.0 
0.019235420000000003 0.011990959 0.0 
0.022438106 0.012557633 0.0 
0.025811734000000003 0.012977114 0.0 
0.029332555 0.013243432999999999 0.0 
0.032977074 0.013355955 0.0 
0.036722050000000006 0.013319506 0.0 
0.040545258 0.013144119000000001 0.0 
0.044426251 0.012844272 0.0 
0.048345598000000004 0.01243838 0.0 
0.052286281 0.011947525 0.0 
0.056232552 0.011395202 0.0 
0.060182252000000006 0.010803128 0.0 
0.064139826 0.010181209 0.0 
0.068090796 0.009537064999999999 0.0 
0.07202043 0.008878697 0.0 
0.07591425 0.008213471 0.0 
0.079757905 0.007548626 0.0 
0.083537552 0.0068906390000000005 0.0 
0.08723922099999999 0.006245733 0.0 
0.09084945000000001 0.005619242 0.0 
0.094354777 0.005015865 0.0 
0.097742121 0.004439666 0.0 
0.100998909 0.00389382 0.0 
0.10411282200000001 0.003380994 0.0 
0.107071668 0.0029032199999999998 0.0 
0.10986389 0.002461768 0.0 
0.11247856599999999 0.0020574 0.0 
0.11490515500000001 0.001690624 0.0 
0.11713337 0.0013613129999999998 0.0 
0.119154194 0.00106934 0.0 
0.120958864 0.000814197 0.0 
0.12253963300000001 0.000595122 0.0 
0.123889389 0.00041135300000000004 0.0 
0.12500229 0.000262128 0.0 
0.12587325600000002 0.000146939 0.0 
0.126498223 6.5151e-05 0.0 
0.126874397 1.6255999999999998e-05 0.0 
