0.0 0.0 0.0 
0.0029195000000000002 0.0213015 0.0 
0.011670999999999999 0.0421445 0.0 
0.026234 0.06250549999999999 0.0 
0.0465745 0.082353 0.0 
0.0726455 0.10165 0.0 
0.10438549999999999 0.120353 0.0 
0.1417205 0.1384135 0.0 
0.1845635 0.15577950000000002 0.0 
0.23281400000000002 0.172396 0.0 
0.28636 0.18820699999999999 0.0 
0.345076 0.203155 0.0 
0.40882450000000004 0.2171855 0.0 
0.47745750000000003 0.2302445 0.0 
0.550814 0.24228349999999998 0.0 
0.628723 0.2532565 0.0 
0.7110025 0.2631255 0.0 
0.7974605 0.27185750000000003 0.0 
0.8878945 0.279428 0.0 
0.9820935 0.28582 0.0 
1.079838 0.291024 0.0 
1.1808995 0.2950405 0.0 
1.2850415000000002 0.2978775 0.0 
1.392021 0.299551 0.0 
1.5015885 0.300086 0.0 
1.6134879999999998 0.299514 0.0 
1.7274575 0.2978735 0.0 
1.8432315 0.2952095 0.0 
1.9605395 0.2915725 0.0 
2.0791075 0.2870165 0.0 
2.1986585 0.2816 0.0 
2.318913 0.2753845 0.0 
2.4395905 0.26843300000000003 0.0 
2.5604095 0.26081 0.0 
2.6810869999999998 0.2525805 0.0 
2.8013415000000004 0.24380949999999998 0.0 
2.920893 0.234562 0.0 
3.0394605 0.224901 0.0 
3.1567685 0.214889 0.0 
3.2725425 0.204587 0.0 
3.3865125000000003 0.19405450000000002 0.0 
3.4984115 0.18335 0.0 
3.6079790000000003 0.17252900000000002 0.0 
3.7149585000000003 0.161647 0.0 
3.819101 0.15075750000000002 0.0 
3.920162 0.13991399999999998 0.0 
4.0179065000000005 0.12916850000000002 0.0 
4.1121055 0.11857100000000001 0.0 
4.2025395 0.1081735 0.0 
4.288997500000001 0.0980255 0.0 
4.371277 0.08817649999999999 0.0 
4.449186 0.0786755 0.0 
4.5225425 0.0695715 0.0 
4.5911755 0.0609115 0.0 
4.6549245 0.052742500000000005 0.0 
4.71364 0.0451085 0.0 
4.767186 0.038054 0.0 
4.8154365 0.031619 0.0 
4.8582795 0.0258425 0.0 
4.8956145 0.0207595 0.0 
4.9273545 0.016402 0.0 
4.953425 0.0127975 0.0 
4.973766 0.009969 0.0 
4.988329 0.007935000000000001 0.0 
4.9970805 0.0067095 0.0 
5.0 0.0063 0.0 
5.0 -0.0063 0.0 
4.9970805 -0.0067095 0.0 
4.988329 -0.007935000000000001 0.0 
4.973766 -0.009969 0.0 
4.953425 -0.0127975 0.0 
4.9273545 -0.016402 0.0 
4.8956145 -0.0207595 0.0 
4.8582795 -0.0258425 0.0 
4.8154365 -0.031619 0.0 
4.767186 -0.038054 0.0 
4.71364 -0.0451085 0.0 
4.6549245 -0.052742500000000005 0.0 
4.5911755 -0.0609115 0.0 
4.5225425 -0.0695715 0.0 
4.449186 -0.0786755 0.0 
4.371277 -0.08817649999999999 0.0 
4.288997500000001 -0.0980255 0.0 
4.2025395 -0.1081735 0.0 
4.1121055 -0.11857100000000001 0.0 
4.0179065000000005 -0.12916850000000002 0.0 
3.920162 -0.13991399999999998 0.0 
3.819101 -0.15075750000000002 0.0 
3.7149585000000003 -0.161647 0.0 
3.6079790000000003 -0.17252900000000002 0.0 
3.4984115 -0.18335 0.0 
3.3865125000000003 -0.19405450000000002 0.0 
3.2725425 -0.204587 0.0 
3.1567685 -0.214889 0.0 
3.0394605 -0.224901 0.0 
2.920893 -0.234562 0.0 
2.8013415000000004 -0.24380949999999998 0.0 
2.6810869999999998 -0.2525805 0.0 
2.5604095 -0.26081 0.0 
2.4395905 -0.26843300000000003 0.0 
2.318913 -0.2753845 0.0 
2.1986585 -0.2816 0.0 
2.0791075 -0.2870165 0.0 
1.9605395 -0.2915725 0.0 
1.8432315 -0.2952095 0.0 
1.7274575 -0.2978735 0.0 
1.6134879999999998 -0.299514 0.0 
1.5015885 -0.300086 0.0 
1.392021 -0.299551 0.0 
1.2850415000000002 -0.2978775 0.0 
1.1808995 -0.2950405 0.0 
1.079838 -0.291024 0.0 
0.9820935 -0.28582 0.0 
0.8878945 -0.279428 0.0 
0.7974605 -0.27185750000000003 0.0 
0.7110025 -0.2631255 0.0 
0.628723 -0.2532565 0.0 
0.550814 -0.24228349999999998 0.0 
0.47745750000000003 -0.2302445 0.0 
0.40882450000000004 -0.2171855 0.0 
0.345076 -0.203155 0.0 
0.28636 -0.18820699999999999 0.0 
0.23281400000000002 -0.172396 0.0 
0.1845635 -0.15577950000000002 0.0 
0.1417205 -0.1384135 0.0 
0.10438549999999999 -0.120353 0.0 
0.0726455 -0.10165 0.0 
0.0465745 -0.082353 0.0 
0.026234 -0.06250549999999999 0.0 
0.011670999999999999 -0.0421445 0.0 
0.0029195000000000002 -0.0213015 0.0 
0.0 0.0 0.0 
